mean_weight = 2254.9 number_nodes = 500 coef = 2 mean_time = 26.30565387606621
mean_weight = 2453.2 number_nodes = 500 coef = 4 mean_time = 7.572266536951065
mean_weight = 2612.3 number_nodes = 500 coef = 8 mean_time = 2.042271983623505
mean_weight = 2558.65 number_nodes = 500 coef = 6 mean_time = 3.2925459682941436
